1000
-540.136 -392.827 386.295
-2442.55 953.705 135.095
1253.92 -2079.2 211.475
1771.27 -759.566 181.484
-1152.33 221.357 146.867
-1198.4 2181.22 108.143
1998 -2293.7 206.042
1475.12 -789.211 289.607
2125.11 104.297 189.881
-1293.99 2453.09 293.046
-510.477 908.247 255.012
1405.68 1035.34 361.002
-785.06 -948.7 324.568
-1553.66 -2006.24 179.286
774.452 -382.934 371.183
-1061.16 335.816 156.511
168.48 -2300.3 193.848
-2478.69 2071.18 255.607
2441.26 -2107.32 460.694
255.677 651.536 129.723
-1395.35 1907.42 211.242
238.606 -1260.47 254.581
-1452.15 1294.83 259.266
1566.57 117.053 201.32
165.615 -1484.51 248.265
-2171.62 -1562.66 368.263
466.523 814.867 226.844
1549.85 -220.155 273.086
-2220.91 209.541 348.091
-2174.95 1688.81 184.393
-2461.48 2145.03 224.758
-325.905 -2111.48 251.569
748.815 -286.308 371.712
1387.74 -732.843 311.558
2223.98 106.738 179.115
1983.84 181.357 164.958
-2113.56 -863.161 175.027
-316.606 864.527 275.259
-1677.71 -2262.89 193.051
1424.53 1344.63 167.866
1250.06 2194.65 407.499
2250.93 1035.41 422.254
-1749.64 -2220.78 183.391
-1742.51 -2066.57 108.436
1022.32 -758.915 302.257
-1847.52 1265.04 225.468
-973.91 1664.39 251.482
1158.37 893.837 276.702
-1460.44 2291.47 258.123
-2304.07 98.1942 350.556
657.937 -139.621 348.443
1693.8 1019.01 396.101
-795.482 -1395.95 161.57
1344.73 -2021.09 212.243
1002.62 953.427 225.57
2480.05 438.408 293.523
-1392.46 1652.36 285.494
-1057 2408.99 197.572
852.019 -1136.49 314.029
-1780.26 -1189.47 221.057
-1245.08 1167.81 307.572
2339.21 2199.09 316.047
2411.18 -1734.38 362.352
1452.14 18.6551 235.537
-1524.97 1943.44 260.697
2370.31 -666.493 260.371
2399.45 1859.65 269.764
-2234.29 1499.07 78.4314
-1741.87 -394.467 235.691
1854.21 -1048.41 210.079
-640.309 1241.16 350.554
1774.76 1726.94 211.969
1303.32 2299.27 325.944
-1029.16 124.355 194.185
667.749 762.114 257.041
-1419.5 1458.69 254.945
-2374.45 11.2388 317.254
-985.996 903.069 357.651
-2313.21 1179.7 94.7083
-2327.41 1558.43 74.2489
1468.78 -1946.77 258.9
-1910.71 1116.5 243.79
1088.52 -430.501 306.047
1307.22 372.458 168.688
-2064.56 468.71 325.982
-2370.43 811.886 215.247
2129.14 1022.23 428.484
-2375.18 630.823 347.8
998.096 -1708.92 386.271
851.483 -841.96 346.05
235.478 -289.723 211.275
1101.38 1814.58 194.582
575.77 -2433.3 60.8849
-2245.23 -1105.05 277.661
1715.49 1657.47 191.775
2155.31 386.642 185.084
1442.71 945.596 392.858
1159.88 1025.7 245.657
-2282.36 2396.57 202.193
1817.64 2241.21 309.704
-1581.67 -2320.25 216.122
-1596.63 1492.18 245.825
1558.6 -1022.53 198.474
-1305.67 444.97 149.241
457.241 -324.443 250.872
2163.24 1797.02 235.122
-15.4122 -1488.93 179.42
721.854 -2207.04 181.752
-2110.02 270.193 262.701
1158.84 488.218 205.861
-1295.16 192.994 183.38
-2197.43 1754.81 224.305
2105.16 -1964.37 393.065
62.4714 1962.05 269.344
-2372.92 -915.602 203.269
559.253 -760.008 258.969
314.07 946.024 179.057
-8.18281 860.107 169.651
-1381.51 -1564.01 316.992
-1941.91 -1800.53 245.972
-2130.71 545.228 361.76
-412.724 -1972.62 147.26
-2207.44 1595.37 132.674
2177.39 2056.44 308.332
-291.633 1249.18 351.957
-736.354 1626.1 205.882
-2252.55 -698.432 240.945
-1575.27 -1266.11 227.527
-1838.41 606.92 360.449
1599.8 -1713.75 383.23
1853.86 -1283.94 203.617
543.566 1791.82 314.938
47.6614 -791.755 274.233
1602.78 -1634.18 376.013
1531.35 -743.754 288.963
-165.372 137.921 177.102
-968.617 2112.29 130.246
11.8415 -739.221 255.1
-193.49 -2163.23 297.882
1510.21 556.401 300
-794.189 -1082.6 290.181
1280.43 2382.37 253.874
-190.274 -2058.12 254.221
-2338.14 1017.88 83.1117
993.878 -1846.53 347.139
-947.606 2497.39 200.957
-2021.88 -1610.34 399.836
-146.278 1155.02 312.04
-798.8 -2253.44 234.677
600.137 -415.529 334.347
2078.61 -1295.03 162.32
-1438.8 530.855 143.119
-2095.7 -1294.15 311.526
1465.07 -948.762 233.895
1545.6 -1870.74 331.612
-146.035 385.053 252.199
-387.47 1259.11 302.227
-1038.6 1723.64 220.955
1122.55 427.817 204.869
-1659.71 759.79 327.787
911.29 -73.5942 416.877
1981.51 109.007 210.74
1176.76 1859.34 245.212
1055.35 -2142.43 195.898
-2321.17 1620.18 118.395
-1849.28 765.785 361.137
470.952 -1630.38 321.581
-525.091 2452.08 156.351
537.378 -1509.13 252.299
2494.27 1407.01 224.694
1592.12 -1949.42 353.54
289.045 2146.65 307.038
1628.17 -844.512 179.478
994.161 -973.43 231.001
-264.742 -632.574 305.882
736.193 -1308.4 340.048
1718.26 -595.659 311.427
-313.773 -1954.29 184.906
415.868 -471.041 209.409
685.512 -1977.45 304.258
531.411 -1148.88 252.971
213.623 -1055.02 255.644
578.947 1505.1 194.481
1379.59 -572.628 260.784
1491.26 1243.18 224.465
-18.6168 1489.19 294.231
940.611 1290.02 92.011
1743.35 -2329.71 192.809
552.478 1461.87 225.748
-546.184 -1012.78 188.37
-2336.29 -2445.86 192.284
-2344.18 -52.7358 294.686
-1075.26 -2281.77 170.629
2135.02 -2069.99 358.81
2155.83 1988.83 266.332
-2404.82 -2069.62 279.411
843.371 -1289.06 329.176
2466.63 -1389.82 258.604
2373.51 -2357.85 360.713
570.25 252.28 348.752
-1073.06 1075.97 312.558
-2025.65 1817.85 331.625
-547.766 1679.77 232.972
-1703.68 -783.195 217.754
1566.39 1365.44 165.668
2282.07 -260.044 314.535
2033.85 -1462.75 179.903
-810.511 -515.967 391.58
-1341.95 -659.232 217.027
648.739 2160.82 348.424
1017.03 352.321 221.901
-1139.21 -579.448 327.082
-2339.91 -1111.38 281.862
-1005.26 -195.811 209.457
1867.24 -1753.6 351.046
-2081.43 1633.4 206.584
-582.658 2031.17 69.9158
-2461.85 1452.64 41.6336
1354.9 165.826 201.444
-263.912 -973.983 193.263
-2270.72 -1534.09 428.84
93.8196 -690.605 257.264
-1249.35 93.2506 167.641
1291.09 -1445.2 238.171
922.159 -813.176 360.188
199.831 -2021.64 368.627
-493.979 1573.14 276.204
2465.31 -659.973 300
-154.755 2190.29 229.209
1674.23 -307.256 335.631
1177.22 1472.11 88.7778
1248.34 1387.14 147.027
-1494.3 2214.24 207.387
1733.56 1334.71 201.72
-137.379 -170.194 223.529
2186.18 -2163.56 354.919
439.715 -617.971 308.372
599.857 195.52 364.934
1847.8 -1907.82 400.724
-905.244 -1208.87 331.458
-2129.07 51.2769 290.198
-1661.34 -1522.78 426.296
-2349.83 -2082.46 279.135
1461.47 -863.171 242.055
670.521 -2191.85 204.107
2161.08 1137.03 392.829
860.639 2411.46 204.502
1971.49 1938.09 286.144
-392.807 579.907 347.308
-1789.68 -1915.53 135.834
2400.2 2481.39 416.423
1811.71 -4.32593 290.98
-609.595 -1416.67 109.918
-31.0001 -2108.65 332.91
-395.926 -1008.35 181.009
-2007.11 718.435 347.091
-723.082 -1899.93 92.7945
-1161.93 -1406.85 291.555
-1993.84 1334.85 213.581
-56.2107 -1313.34 83.1742
-2414.97 711.531 335.701
-316.068 2315.97 216.252
1694.3 2146.17 379.854
1217.78 -534.753 275.125
-1582.66 -53.4848 201.256
-680.71 -144.9 360.287
2222.61 -1922.43 428.036
2306.94 -576.24 310.595
1014.88 120.026 243.121
-2090.8 -1071.54 236.949
-343.753 1640.19 368.491
-125.688 -989.41 178.608
1122.15 -1981.35 212.673
-729.672 285.271 351.449
-1538.01 1594.07 252.351
901.088 494.528 357.759
1050.54 923.362 229.726
-2184.85 -1184.96 293.031
-753.379 1749.9 164.22
759.833 1653.92 204.562
1634.87 1612.49 163.573
-531.971 2221.7 87.8064
-1100.49 -146.234 231.302
1948.25 1107.81 438.194
1018.38 494.291 250.91
-396.729 -2144.58 283.086
2119.41 1677.78 211.854
1323.9 -100.553 362.49
1472.05 -626.041 279.702
-2461.16 -822.256 124.129
1818.79 -2150.25 276.288
-1993.54 1099.5 146.577
383.048 1306.49 204.874
-1094.05 -1938.1 90.4001
1556.62 -399.474 281.383
1386.67 1477.5 109.406
185.766 2150.75 295.043
2407.02 -1095.22 320.336
-1123.83 -2033.49 96.6893
-757.946 -1145.49 294.577
-1186.27 960.648 271.329
-2393.28 -218.917 205.542
201.35 -825.165 261.505
1928.63 -1932.11 419.789
-1743.52 -1088.46 195.48
-2055.3 228.831 273.809
-1546.4 -1788.9 213.374
-1798.03 -497.752 191.529
1488.49 -447.888 249.354
-1691.38 -2405.12 208.72
-40.4056 1012.19 228.164
-1394.7 936.593 266.703
829.052 -357.381 347.619
-854.659 1787.28 175.112
804.52 -959.454 309.393
1146.26 1586.54 72.7055
1438.21 2303.69 368.383
584.353 1008.61 258.452
-423.711 859.991 281.978
2369.52 -763.184 259.516
2498 -1685.14 282.545
-659.203 -1509.53 67.2978
-1148.4 -1121.66 370.588
460.661 712.019 254.628
-1537.3 1065.21 313.373
-941.295 266.007 160.463
-1239 -663.966 245.184
-427.677 382.164 335.29
1628.12 32.4071 294.965
-1454.11 -778.634 203.542
1236.3 -1193.7 191.711
763.971 919.907 147.542
-633.364 -1116.21 253.331
2221.62 -1717.6 379.844
401.079 608.665 167.94
-2235.48 -603.127 195.858
-854.943 1438.36 251.982
2017.04 2333.27 239.98
1190.92 167.698 208.534
-2342.41 -124.919 262.63
-259.146 -295.12 228.241
-1460.36 -405.881 219.916
-1936.22 397.148 248.853
2366.94 1655.4 207.461
-1416.74 1964.92 193.38
-1333.02 1826.07 179.872
-1277.6 -2014.98 165.571
-2286 -461.552 140.128
2401.05 1338.57 265.152
-1848.19 -949.47 160.764
1058.37 -1806.37 382.023
-1178.01 1383.75 237.707
949.486 -14.2002 362.688
-1287.72 -261 236.865
205.934 -2107.73 310.143
2316.3 -2117.69 357.042
-1638.78 -2469.46 168.907
489.324 -1924.31 359.193
2162.36 -2269.84 331.536
-679.962 -1235.85 265.265
86.679 -2084.2 309.665
613.893 -1723.49 311.213
-31.9308 48.8646 187.227
545.267 2446.35 260.707
-2291.71 -1225.11 347.943
2023.47 753.773 210.395
260.488 1339.84 215.365
-2115.42 -2024.76 172.268
-455.956 429.632 333.581
-476.096 -2079.19 200.153
1483.56 435.867 223.09
-409.231 1104.05 274.784
1924.78 2303.07 244.315
-1159.63 -1538.68 267.863
-20.4894 1401.78 298.197
1643.78 -78.453 303.72
-1601.98 656.343 290.606
-376.557 2360.08 166.559
304.228 2483.26 293.208
626.262 2261.93 307.786
-534.325 -728.951 373.116
404.336 1409.7 299.966
-159.613 446.696 242.207
2480.66 2180.68 275.763
532.52 -368.767 290.113
-281.396 251.19 272.454
1476.31 1878.08 255.564
2237.83 1755.48 278.942
172.132 -1589.9 308.559
2404.91 -2273.37 401.065
2488.29 -1194.47 282.911
937.157 -1943.3 249.92
-2049.2 -1873.65 263.399
1867.03 1037.68 424.732
1963.89 -1406.77 161.619
-1236.99 -501.095 314.145
2271.81 -517.748 348.21
-1053.98 -548.523 414.716
795.029 -767.199 386.753
1432.03 386.817 204.888
-355.608 -1760.94 111.765
-67.8313 -1431.74 148.702
-2487.36 -16.7706 291.616
-1845.89 -212.717 255.235
-2392.5 -987.448 220.623
-2197.86 973.511 151.607
-1948.98 -2205.06 151.21
959.766 916.279 223.349
-1590.84 2149.09 270.555
450.559 2239.93 288.365
-1038.34 -684.175 352.249
-1941.87 -595.728 178.431
155.747 1090.12 184.745
33.1755 -1664.86 281.193
-1702.08 -2167.32 178.235
-2068.92 87.8624 274.027
-1733.02 219.845 165.35
-1357.07 1223.05 302.399
-536.262 -1988.68 90.791
-881.558 755.444 340.545
526.574 -2208.24 240.547
-257.53 1497.23 403.596
1503.9 1501.11 122.413
-2173.32 -1497.57 409.49
-2164.7 1257.45 97.9964
-1515.75 561.698 203.749
-1727.17 -1979.69 132.846
281.992 827.179 137.897
-1251.86 -1751.81 187.567
-251.34 1109.68 312.366
1925.18 2199.71 291.496
-1190.85 -695.691 276.257
-1591.92 1701.92 320.301
1448.25 1759.62 210.377
739.807 -194.498 371.784
-99.7606 -1799.78 211.466
924.834 1822.27 146.233
-566.674 2372.43 124.822
-2431.44 1376.06 62.5835
-1896.7 -1319.89 276.199
941.856 -2202.25 164.357
-2246.32 1699.29 177.849
1206.32 -1821.52 378.805
4.87909 -1175.42 170.604
-153.99 -904.871 270.749
-532.068 708.679 406.77
-1780.17 -51.4496 231.358
-1981.9 -1513.98 410.321
-1981.09 478.588 302.855
1164.24 2320.32 280.587
169.325 1579.42 248.152
-492.003 372.508 337.025
158.352 1686.26 272.679
-139.565 -1333.91 99.3987
-1523.81 -1477.08 405.053
-286.39 822.138 277.783
-907.802 1171.84 283.61
-85.616 -1548.57 207.115
-1260.2 513.344 126.84
-923.613 -2005.62 138.153
-1631.37 564.087 283.696
1920.9 1271.45 312.108
-479.116 -935.48 242.21
-2238.11 639.527 365.977
236.974 789.473 121.569
222.466 -1814.7 381.249
-171.593 1605 449.122
2397.38 -2448.63 357.774
-267.788 -1346.55 139.227
1865 -2373.1 141.042
2387.13 2312.38 308.579
-285.677 -1212.24 99.8084
426.445 2164.81 338.218
1809.48 -2387.33 143.787
1619.76 2145.85 357.864
-27.007 -1548.89 236.366
849.099 -162.415 439.726
870.906 1265.24 91.6508
-880.322 -743.186 434.427
-8.77088 711.111 147.649
-1044.76 -1073.63 339.805
-754.504 1855.15 84.174
-927.126 -2398.38 280.724
-1027.81 -1305.44 262.988
-824.625 -909.794 360.097
-479.498 1811.18 191.824
-1439.68 587.651 184.821
131.786 750.004 110.804
2126.05 435.117 162.775
-2379.99 -1157.78 282.65
985.78 427.618 303.141
-1580.77 -1500.78 413.651
2470 1272.2 325.14
-1617.58 442.718 238.406
-2392.67 -1708.66 337.839
-218.088 2172.03 237.22
-824.864 -221.147 336.366
-1344.67 -34.7527 135.004
-2326.27 -2222 216.754
-2484.39 -1371.55 285.797
-700.48 1937.19 71.8929
2368.65 -1542.37 259.553
-1853.84 -265.081 221.791
-1843.28 1861.9 367.357
-2226.71 916.656 172.034
-767.435 -2128.55 213.724
258.769 1872.25 267.39
376.846 2020.96 379.956
-1752.11 94.3678 200.754
-455.55 2159.02 95.5012
146.792 2299.64 239.347
-254.119 -1473.96 133.003
-2396.2 -134.009 270.909
-1174.2 508.677 173.643
-329.82 176.629 236.459
2219.38 -542.098 306.894
-2185.23 270.564 317.582
912.377 -1310.65 271.988
-1276.03 -1197.32 359.237
19.8081 -885.168 312.849
2373.57 -211.696 295.027
590.938 -1859.5 348.408
-1170.31 861.766 211.048
-330.482 -826.642 233.562
-230.686 -1067.19 148.053
-1198.11 -1081.42 369.523
1948.16 402.921 154.315
-1009.17 -2309.36 213.726
-572.946 -1698.34 25.9924
670.375 -837.03 325.989
-556.133 -1255.57 172.901
-2464.88 1719.04 124.316
-824.203 1393.65 244.487
-2469.44 593.273 395.949
-761.732 -468.271 385.865
2171.33 2418.86 354.922
1297.11 -1056.81 161.283
1320.76 247.295 174.372
-1342.39 217.415 184.281
-1615.37 -1230.81 205.896
2230.11 -2377.31 379.762
2372.35 868.177 403.99
-870.661 -636.087 412.878
1574.98 1502.93 107.845
2122.42 557.666 178.52
-1507.29 777.651 273.532
-222.96 -69.1111 201.73
1417.12 -61.2417 335.371
-1151.25 -2455.45 253.09
1741.91 1967.48 253.638
-1075.93 -2129.77 186.095
-307.074 2172.92 184.507
-711.392 713.461 407.592
-446.362 -523.201 334.613
1146.78 293.288 202.115
-859.54 1062.07 345.098
-1553.3 -1581.5 349.692
2093.45 -2221.12 291.094
2417.51 1803.37 272.991
1984.82 -714.444 161.799
998.831 1134.43 137.457
-1720.73 -1549.85 418.509
-2472.04 707.187 321.688
981.654 -1097.92 183.634
1261.89 -669.375 289.898
-1305.16 1647.19 304.531
1270.32 2085.66 442.477
2005.53 1504.5 193.487
231.346 1244.86 185.482
1933.63 -2358.32 188.716
1929.35 1712.17 208.578
789.535 567.29 349.824
-1955.63 2435.46 254.54
2115.87 -1655.25 297.519
-242.304 92.6009 230.287
-1947.94 -2011.95 153.12
244.764 -643.604 200
-610.641 815.004 400.705
371.931 1742.16 251.985
402.158 -2191.92 235.841
-180.477 -963.461 191.378
-2000 -851.518 224.703
-1260.38 -2397.39 189.705
1850.4 -1820.46 390.44
-1887.23 2449.28 251.731
-2383.87 -2337.84 187.151
2321.19 -1302.51 199.982
1916.83 507.916 156.654
2133.57 -299.524 379.966
70.7571 -1877.86 329.935
-1939.92 -539.372 169.197
-1612.69 -224.255 265.889
705.777 -1188.16 322.624
1885.89 1567.58 164.836
2277.39 1807.79 290.213
-1029.8 -483.573 348.347
-1530.43 -1236.05 239.783
830.938 -2163.03 190.938
2417.03 -1917.78 379.873
1260.32 1121.59 228.218
-2320.03 662.063 352.652
-236.572 946.758 338.065
1195.07 1603.44 69.5398
2028.38 -1757.74 395.633
725.426 -1066.66 367.45
349.23 -2115.22 277.989
1220.86 1824.19 209.65
2028.23 -2238.53 223.903
1070.98 -1149.85 151.24
1602.74 812.768 309.473
242.55 250.272 259.233
-358.336 2446.61 162.412
2203.26 236.117 167.504
2096.51 300.885 128.272
-484.153 -2161.02 281.825
-270.195 -404.333 302.849
1802.68 -1007.78 183.032
-345.964 1034.88 263.802
-2058.75 -2196.19 219.129
-2220.72 2118.01 246.523
318.602 -660.69 239.294
-1011.37 502.679 204.6
2494.21 -937.246 323.529
332.606 -1228.53 240.866
1697.7 -1018.07 194.394
134.575 2033.02 296.145
1319.87 -1900.32 244.174
1326.24 779.672 406.514
2258.11 -103.248 169.49
-2452.45 1644.56 111.093
-659.718 -880.137 312.802
595.832 326.411 357.089
946.694 -437.365 311.385
376.193 -2375.03 235.764
-1054.47 845.046 261.476
1973.14 -2004.18 377.809
142.816 -90.3909 270.357
-2312.55 779.617 244.376
-2307.88 -519.014 164.323
1701.78 318.99 206.055
-2014.9 1906.64 376.471
63.3192 2071.78 296.114
1479.45 1349.66 171.433
1945.01 2059.62 281.381
-1941.94 31.2792 259.175
-2084.6 -212.367 229.298
252.149 380.733 235.315
2016.18 543.606 170.56
22.6114 -2384.95 229.143
-204.704 -1812.7 173.572
1836.26 55.2651 257.165
-1160.77 2099.43 115.471
-781.629 1138.82 322.134
1939.12 1393.49 238.18
1801.04 354.509 235.282
1283.34 -2321.97 112.815
1354.19 43.9646 245.138
773.585 1296.25 130.418
1178.26 2387.7 219.893
728.673 963.336 141.139
-1273.43 -2475 239.567
-1987.57 1497.84 271.777
-1096.06 1728.9 226.23
903.427 -2374.82 94.8801
1098.74 1680.17 130.958
-343.934 1994.66 196.787
1218.61 1953.01 299.63
1047.67 -685.404 298.039
-1287.99 -1080.49 315.606
-942.595 2343.83 136.532
1586.58 2288.61 338.779
1776.54 -1362.73 222.197
333.642 1511.33 305.506
-1631.99 2442.07 394.118
1891.2 -354.309 410.861
782.843 -1928.61 290.784
497.798 754.466 274.187
-1203.75 -1483.3 368.271
-921.806 378.18 172.594
1810.9 1161.33 340.807
1675.98 108.146 236.523
2264.21 758.734 261.922
-930.735 2281.4 132.951
442.856 -1762.54 407.876
-1497.98 -156.782 256.851
-420.591 -1643.44 109.485
-1851.77 2116.25 413.372
1802.25 1632.13 191.249
1410.85 59.3319 198.039
895.462 -397.173 326.056
-1194.12 1299.87 258.483
-1856.48 90.6912 226.005
-1021.54 2153.42 120.602
106.6 -917.257 268.806
-1640.05 -919.468 191.944
-567.022 2492.08 164.294
2429.97 1614.9 191.067
2106.63 -1473.39 192.18
840.205 -1765.72 363.052
-1366.6 768.578 240.741
711.303 -2378.93 74.446
-1244.46 1890.83 124.471
-642.24 352.008 340.793
-152.435 -597.843 280.748
504.351 -197.308 271.334
-1616.25 1282.34 330.037
12.5924 116.787 186.424
-777.74 2420.1 141.229
1543.54 -1547.72 352.247
156.845 348.213 246.402
-477.074 -2393.77 262.508
2087.06 1195.69 337.311
517.413 -2446.54 89.2837
-2244.62 -386.179 147.522
1726.42 -1986.72 331.382
14.4542 -473.38 266.834
2496.4 -1075.96 277.173
-934.538 -1077 352.214
-1770.2 1191.87 291.361
-871.354 78.717 233.164
-1371.33 -434.725 241.761
-1035.54 -809.315 397.983
680.239 634.899 332.306
-2461.34 1830.15 169.753
-584.275 -643.684 404.172
203.974 1380.83 227.485
981.238 1996.61 309.823
-744.521 2087.85 48.0467
1808.6 2353.83 273.27
1069.07 -1342.46 246.08
-1058.33 1341.81 246.792
422.301 1499.25 282.835
-123.67 2117.19 251.608
-2130.42 212.657 305.416
-434.394 44.9283 321.462
614.232 1348.49 200.314
2227.46 -2261.15 332.756
1023.86 221.62 209.798
-931.532 523.69 235.449
1527.9 1986.24 319.633
436.113 1857.97 289.646
540.298 1105.22 241.278
-499.205 -2254.12 259.489
88.0686 91.4231 235.239
1117.03 -318.882 351.151
-943.867 150.093 222.3
-95.5591 -630.56 263.549
128.061 615.833 150.983
52.0359 -1323.62 196.118
726.909 -686.953 311.765
1893.03 2009.82 248.45
-1885.94 -727.589 194.472
-676.631 -1431.75 107.917
-514.952 -1071.47 168.351
564.988 -213.087 296.077
-562.795 1441.67 327.337
-1248.53 1103.29 347.237
1096.75 -1418.61 287.263
459.775 -895.323 277.89
821.197 1570.46 157.944
442.765 93.9048 326.813
236.664 -1187.13 256.105
-2221.6 2383.36 187.98
-1674.33 -2114.19 155.133
1922.61 -136.995 300.394
2081.35 2034.25 296.415
-2152.42 -2151.96 200.326
2058.75 335.178 120.717
-2338.13 -263.948 167.64
211.449 -1706.26 399.366
-2077.93 863.63 241.8
-2434.06 -1316.18 280.569
1435.03 -195.93 296.591
2340.25 1581.08 194.78
1551.38 2420.58 346.845
-951.741 -1651.88 147.059
-2343.06 1074.2 75.5853
-830.312 2243.65 103.502
1936.1 265.49 180.497
-217.415 789.445 296.044
-758.201 -1346.48 172.09
936.25 2461.82 143.99
-1888.61 606.336 355.168
-1829.9 -887.705 215.04
-2205.77 -284.663 208.349
-709.451 1130.2 352.763
-1442.61 -2458.45 226.853
-750.145 -398.162 425.499
1169.69 -1574.07 297.679
-2161.97 -138.192 236.053
-1487.79 -2039.82 154.987
-816.062 1024.84 355.757
-1829.94 -1602.55 371.801
-967.591 1839.86 204.05
-924.438 1788.38 219.415
-1027.83 -2186.69 184.719
2176.88 888.665 305.592
1304.25 1815.65 200.022
336.54 2164.85 325.649
213.693 -914.159 269.246
2263.77 240.215 156.172
-2251.88 -939.698 246.834
2415.02 -2054.75 435.176
-76.5578 1592.27 365.341
-1966.35 2112.66 356.953
-2472.95 -544.931 249.795
-607.612 2264.16 100.763
741.578 1872.35 282.934
739.628 -1895.19 302.722
-514.093 -1560.71 88.3424
-172.465 1759.07 411.793
-983.952 1310.55 259.496
2199.63 -843.55 183.854
-1883.93 -577.996 177.823
-1673.59 1496.73 310.243
1591.74 -2351.54 213.783
1972.69 15.7413 211.984
1078.07 -237.427 376.48
-664.489 1974.17 59.3847
-1838.34 1619.24 342.828
640.389 375.501 367.615
995.07 1764.41 144.39
101.748 -2312.98 214.242
-964.605 -1264.05 279.14
246.384 732.266 126.94
2189.4 768.655 221.289
324.647 -1307.48 208.124
-203.657 1893.09 324.487
258.384 2390.74 247.756
-2317.96 2483.05 194.453
-2052.74 562.565 365.702
-1586.01 2210.7 296.917
159.224 -707.013 243.336
-333.015 -2268.82 322.672
-2069.99 -1646.01 333.627
170.378 -458.419 214.116
504.626 -448.505 290.348
319.656 1737.28 267.143
-1392.94 1093.52 298.501
1827.59 -310.4 369.779
1599.14 -1764.68 388.489
2189.06 2328.85 416.06
2127.95 -673.613 162.367
1160.12 2188.97 383.858
-2292.17 -1161.22 326.773
2492.38 786.13 313.906
2303.46 2448.13 455.133
-1883.14 4.66128 272.169
1381.4 569.199 269.327
1687.71 -2455.04 148.925
485.288 -1118.01 218.229
38.1743 1518.72 257.762
-31.7244 1972.53 256.554
588.613 -1412.42 252.799
2163 -424.592 385.45
94.7711 1693.49 297.997
-1492.43 253.237 196.846
2420.15 847.882 384.286
1296.3 493.905 195.294
2428.25 -1202.44 277.413
-278.381 -2289.3 337.209
1766.11 -534.215 384.371
1312.85 -511.755 250.553
1118.02 1277.79 149.269
532.213 2140.41 345.663
452.445 1016.22 247.092
2240.03 -1072.89 230.944
760.528 1947.6 327.408
370.622 1049.66 197.713
-2422.47 894.121 139.989
396.946 -2432.53 158.614
39.0146 -423.632 259.616
-953.449 -1166.89 329.412
-230.014 -2275.26 334.23
1952.65 788.247 252.085
1496.21 366.646 189.523
821.045 -1587.73 427.756
642.517 -1113.69 310.322
1133.02 -515.336 266.667
-2173.98 -1978.24 176.471
-398.011 1316.29 299.532
-2271.43 -1042.76 258.754
-1731.43 1047.43 360.784
-437.991 129.439 294.778
-1082.44 -1659.25 178.4
2075.11 -521.581 273.111
881.392 -615.366 367.982
-2349.86 -624.757 198.172
-360.574 353.389 307.759
1813.26 1970.63 227.388
2406.82 2070.68 313.983
-661.259 1689.61 203.765
2326.28 -2463.69 387.34
-1856.59 -1401.28 362.771
-365.258 920.196 260.33
-563.796 1141.37 342.888
-591.063 -2337.08 234.266
105.171 -1965.81 339.251
-1308.37 -943.623 287.857
-1654.75 -264.687 242.418
135.633 -1309.02 237.598
1469.34 755.896 315.438
-767.64 495.305 292.101
-123.5 -2230.79 373.86
1010.24 621.85 308.797
2182.6 -1515.56 219.883
613.581 552.619 326.536
-718.612 2499.97 159.774
551.687 -682.162 264.568
-636.683 -558.61 457.323
-411.464 -1324.69 142.821
-1837.05 -1499.92 410.51
-1329.43 2260.36 136.213
-1622.26 -1810.88 209.809
1228.92 2465.33 182.105
-767.145 1189.9 315.91
-1595.47 127.855 206.163
321.08 -1132.02 228.655
-246.579 636.303 280.294
1465.89 -2415.51 199.174
758.978 2349.16 288.653
-1482.18 1539 240.994
-2299.39 411.888 393.631
944.398 60.6619 298.766
-341.3 -1698.34 115.686
2100.05 -831.053 161.83
-1385.21 1858.4 238.512
-483.951 565.225 367.982
-194.459 -1495.83 151.869
-1122.54 66.9803 167.827
-2443.29 2223.3 204.222
1266.07 1184.37 231.921
-1398.23 -1268.03 354.551
999.912 1940.48 268.551
367.471 -827 247.821
-1721.19 -214.979 231.037
2187.64 -2214.98 342.96
1673.17 -1116.04 213.415
1014.66 -454.718 284.681
1362.77 -147.953 345.459
-2267.52 -2431.37 247.693
1709.4 -2060.18 312.243
627.77 -91.5956 359.652
-1257.57 1959.03 110.748
-2343.45 366.683 391.103
216.324 421.013 240.168
-138.662 1351.45 377.973
-1945.98 -460.601 162.898
505.503 -639.64 287.184
494.22 865.174 251.59
-1675.45 -1361.9 305.868
-1561.17 2329.79 367.334
-1042.47 643.135 242.212
1500.45 2054.05 344.415
197.014 1523.98 245.974
-1807.55 -1255.25 245.728
-2133.86 -2477.32 221.801
-1384.18 31.5086 179.777
-1758.29 -282.661 244.615
-1119.01 743.17 229.333
336.097 2348.21 290.688
-2118.73 636.239 360.104
1012.59 1485.17 108.683
-236.04 -1157.4 106.317
1277.13 -600.397 284.571
-1511.5 14.4406 193.898
2337.08 -983.832 263.674
-2002.62 -136.674 270.732
-1782.33 -1054.91 152.616
-1614.59 1613.05 288.318
-2136.59 -2386.99 205.106
-754.116 990.766 356.369
-228.881 -1230.77 94.3475
-767.093 -2327.03 276.899
-1684.11 -343.344 208.504
100.191 450.446 260.781
1019.23 -2244.44 100.677
-1619.56 193.561 171.875
-1559.89 -1892.77 187.985
1006.33 -2499.01 101.779
-1737.91 -1674.58 278.33
8.79769 1256.06 228.287
176.25 -999.291 276.471
-357.328 -313.725 309.755
-1826.37 -756.899 213.849
-614.008 1909.22 101.991
1192.95 -2106.39 194.86
-1635.37 -420.466 167.701
-1916.48 -1882.27 182.648
-130.245 -1170.84 93.8273
-241.825 2267.3 233.262
-1773.96 -599.925 176.801
1325.61 -2189.44 167.918
1341.17 665.427 340.294
1037.57 2086.85 405.227
-361.991 751.49 296.65
1355.29 1128.39 262.34
778.664 2239.12 312.639
1761.35 1291.03 225.536
-1240.19 -169.279 174.29